version = 'MMult_cuda_3';
GPU Device 0: "NVIDIA H100 PCIe" with compute capability 9.0

MY_MMult = [
1024 5972.98 7.247925e-05 
1152 6032.79 7.629395e-05 
1280 6086.49 9.536743e-05 
1408 6150.57 1.220703e-04 
1536 6174.36 1.182556e-04 
1664 6173.65 1.373291e-04 
1792 6168.89 1.411438e-04 
1920 6189.98 1.831055e-04 
2048 6195.41 1.525879e-04 
2176 6210.93 1.792908e-04 
2304 6222.63 1.678467e-04 
2432 6203.74 1.945496e-04 
2560 6225.89 1.907349e-04 
2688 6215.11 2.059937e-04 
2816 6242.30 2.212524e-04 
2944 6241.23 2.441406e-04 
3072 6232.81 2.517700e-04 
3200 6229.75 2.670288e-04 
3328 6231.22 3.280640e-04 
3456 6215.23 3.356934e-04 
3584 6184.32 2.822876e-04 
3712 6184.14 3.509521e-04 
3840 6195.70 3.890991e-04 
3968 6187.68 3.662109e-04 
4096 6217.58 3.585815e-04 
];
