version = 'MMult_cuda_2';
GPU Device 0: "NVIDIA H100 PCIe" with compute capability 9.0

MY_MMult = [
1024 741.28 7.247925e-05 
1152 731.24 7.629395e-05 
1280 732.77 9.536743e-05 
1408 741.91 1.220703e-04 
1536 740.42 1.182556e-04 
1664 743.73 1.373291e-04 
1792 734.81 1.411438e-04 
1920 741.19 1.831055e-04 
2048 746.19 1.525879e-04 
2176 742.21 1.792908e-04 
2304 742.04 1.678467e-04 
2432 742.14 1.945496e-04 
2560 737.37 1.907349e-04 
2688 738.17 2.059937e-04 
2816 737.86 2.212524e-04 
2944 737.86 2.441406e-04 
3072 733.91 2.517700e-04 
3200 736.49 2.670288e-04 
3328 735.30 3.280640e-04 
3456 733.52 3.356934e-04 
3584 730.31 2.822876e-04 
3712 731.39 3.509521e-04 
3840 736.52 3.890991e-04 
3968 737.50 3.662109e-04 
4096 740.13 3.585815e-04 
];
